174860,213948,2,0,170,36,
125183,110988,4,0,145,48,
124909,195156,2,0,170,36,
124244,229860,2,0,64,36,
124316,216108,2,0,170,36,
112399,205308,2,0,152,36,
103598,105660,2,0,152,36,
67276,206100,2,0,64,36,
57168,196459,3,0,36,152,
55638,197316,2,0,144,36,
183312,216108,2,1,180,1,
183312,212436,2,1,180,1,
183312,214092,3,1,32796,0,
174816,213948,2,1,2628,1,
174816,214092,3,1,47628,0,
171648,146988,2,1,612,1,
171792,99468,2,1,252,1,
171648,122004,2,1,144,1,
170928,146988,2,1,720,1,
168768,166428,2,1,252,1,
168768,175068,3,1,30852,0,
166320,152244,2,1,1872,1,
167292,121716,2,1,4500,1,
166752,121716,3,1,-44820,0,
165564,99468,2,1,2484,1,
164160,199620,2,1,288,1,
162144,202716,2,1,2016,1,
163872,99468,3,1,-64260,0,
162144,215820,2,1,396,1,
162144,214092,3,1,53676,0,
161424,99612,3,1,-61308,0,
156384,127404,2,1,576,1,
156384,121932,4,1,10368,1,
154512,127404,2,1,1872,1,
150012,119556,2,1,1188,1,
147744,209952,3,1,63468,0,
142416,211212,1,1,69372,0,
136656,195852,3,1,59868,0,
124272,216108,2,1,252,1,
124272,218316,3,1,105588,0,
123840,195156,3,1,72204,0,
113040,218268,2,1,1980,1,
113040,210276,2,1,36,1,
112464,210276,2,1,576,1,
112464,218268,3,1,105948,0,
111888,203148,2,1,576,1,
111672,101196,4,1,648,1,
112320,100116,3,1,-11124,0,
111888,192996,2,1,108,1,
111888,196044,3,1,87588,0,
107136,218916,2,1,324,1,
107136,218412,3,1,111780,0,
105120,106596,1,1,1620,0,
103968,106596,2,1,1152,1,
103968,104844,3,1,1692,0,
103572,203148,2,1,8316,1,
103392,219852,3,1,117684,0,
103356,221076,2,1,36,1,
102240,101628,2,1,36,1,
102240,100044,3,1,-612,0,
100332,221076,2,1,3024,1,
99936,193140,2,1,144,1,
97308,221076,2,1,3024,1,
81360,195156,2,1,3204,1,
81792,220812,3,1,140796,0,
81324,222588,2,1,468,1,
79344,214596,2,1,684,1,
76032,220620,3,1,144720,0,
75744,215352,3,1,140364,0,
67680,224748,2,1,36,1,
67680,220752,3,1,157068,0,
65088,207972,2,1,2160,1,
65088,216756,3,1,155340,0,
57168,156276,2,1,1476,1,
57168,196524,2,1,1440,1,
55728,196524,2,1,1440,1,
55728,226908,2,1,324,1,
55728,220428,3,1,171180,0,
54432,205308,2,1,1296,1,
54288,217692,2,1,144,1,
54324,220428,2,1,1404,1,
183312,212436,3,1,30780,0,
179568,214092,4,1,3744,1,
179568,213948,3,1,34524,0,
177444,213948,2,1,2124,1,
174816,213948,3,1,39276,0,
174672,222444,2,1,144,1,
171792,121716,3,1,-49788,0,
171792,99612,3,1,-50076,0,
171792,99468,3,1,-72180,0,
171648,122004,3,1,-24660,0,
170928,146988,3,1,-18684,0,
168768,175068,2,1,252,1,
168768,166428,3,1,6300,0,
168192,152244,2,1,2736,1,
168048,99612,2,1,3744,1,
168048,99468,3,1,-68436,0,
166752,121716,2,1,540,1,
166608,166428,2,1,2160,1,
166608,159948,3,1,-180,0,
166320,159948,2,1,288,1,
166320,152244,3,1,-6372,0,
165996,159948,2,1,324,1,
164448,199620,2,1,4320,1,
164160,199620,3,1,38556,0,
163872,99468,2,1,1692,1,
162144,214092,4,1,12672,1,
162144,209952,3,1,51948,0,
162144,202716,3,1,47808,0,
161424,99612,2,1,2448,1,
159984,202716,2,1,2160,1,
158868,100116,2,1,2556,1,
156384,121932,3,1,-28980,0,
152208,127404,2,1,2304,1,
151200,121932,4,1,5184,1,
151200,119556,3,1,-29268,0,
148896,119556,2,1,1116,1,
148896,119436,3,1,-29340,0,
147744,209952,2,1,14400,1,
147744,200988,3,1,62208,0,
147744,195852,3,1,53244,0,
147636,200988,2,1,108,1,
143640,119436,4,1,5256,1,
143640,111564,5,1,-24204,0,
143640,111312,5,1,-32076,0,
143136,111564,4,1,504,1,
143136,108900,3,1,-31572,0,
142848,108900,2,1,288,1,
142416,211212,2,1,5328,1,
140508,211788,2,1,1908,1,
136656,195852,4,1,11088,1,
136080,196524,2,1,576,1,
136080,196044,3,1,60444,0,
125280,111312,6,1,18360,1,
125280,110988,5,1,-13968,0,
125280,110916,3,1,-14292,0,
124956,110916,2,1,324,1,
124272,216108,3,1,94044,0,
123840,196044,4,1,12240,1,
123840,195156,2,1,1116,1,
123840,194508,3,1,71316,0,
123660,194508,2,1,180,1,
117792,218316,4,1,6480,1,
117792,218268,3,1,100524,0,
115020,218268,2,1,2772,1,
113040,210276,3,1,105228,0,
112464,218268,2,1,576,1,
112464,205308,3,1,97812,0,
112464,203148,3,1,92844,0,
112320,100116,2,1,540,1,
112320,100044,3,1,-12204,0,
111996,205308,2,1,468,1,
111888,199476,3,1,91260,0,
111888,196044,4,1,11952,1,
111888,192996,3,1,84156,0,
111672,111312,6,1,13608,1,
111672,101196,5,1,-360,0,
110484,199476,2,1,1404,1,
107136,218916,3,1,112716,0,
107136,218412,2,1,5328,1,
105120,106740,1,1,144,1,
103968,105660,3,1,2628,0,
103536,105660,2,1,432,1,
103392,219852,2,1,3744,1,
102240,104844,4,1,1728,1,
102240,101628,3,1,2604,0,
102240,100044,4,1,10080,1,
100656,203148,2,1,2916,1,
100656,202392,3,1,102492,0,
99936,202392,2,1,720,1,
99936,193140,3,1,102456,0,
95184,221076,2,1,2124,1,
95184,220812,3,1,125892,0,
81792,220812,4,1,13392,1,
81360,195156,3,1,133236,0,
80028,214596,2,1,1332,1,
79344,222588,2,1,1980,1,
79344,220620,3,1,143244,0,
79344,215352,3,1,141276,0,
79344,214596,3,1,136008,0,
76032,220620,4,1,3312,1,
75744,215352,2,1,3600,1,
75060,216108,2,1,684,1,
67680,220752,2,1,8352,1,
67680,220428,3,1,153072,0,
67248,206100,3,1,140724,0,
65088,220428,4,1,2592,1,
65088,216756,2,1,252,1,
65088,207972,3,1,151668,0,
57168,156276,3,1,139356,0,
55728,220428,4,1,9360,1,
55728,197316,3,1,149580,0,
55728,196524,3,1,141588,0,
55620,197316,2,1,108,1,
54432,205308,3,1,163260,0,
54324,205308,2,1,108,1,
54288,220428,2,1,36,1,
54288,217692,3,1,166140,0,
