311300,153468,2,0,64,36,
276596,176796,2,0,64,36,
239822,53820,2,0,152,36,
229475,77580,4,0,109,48,
229475,73932,4,0,109,48,
226631,111372,4,0,73,48,
226517,115404,4,0,115,48,
225720,115525,5,0,48,119,
193796,75276,2,0,64,36,
311328,156132,2,1,6192,1,
315504,91404,4,1,1152,1,
315504,108252,3,1,-199524,0,
311616,118332,2,1,720,1,
311616,115668,2,1,144,1,
311616,115980,3,1,-193284,0,
281088,115980,4,1,30528,1,
307440,155772,2,1,3888,1,
311328,154404,3,1,-155556,0,
306000,155340,2,1,1260,1,
303984,153180,2,1,36,1,
298656,153792,2,1,5328,1,
297648,154404,2,1,1008,1,
293040,162252,2,1,4608,1,
286848,168732,2,1,1296,1,
283824,170700,4,1,3024,1,
285264,61812,2,1,288,1,
285264,56460,3,1,-223452,0,
283824,173772,3,1,-109980,0,
279072,173772,4,1,4752,1,
281232,61668,2,1,3168,1,
281088,61668,3,1,-216468,0,
280512,116316,2,1,432,1,
280224,176940,2,1,684,1,
280512,116172,3,1,-164196,0,
261936,116172,4,1,18576,1,
279072,175212,2,1,1152,1,
276624,175212,2,1,2448,1,
279072,173844,3,1,-103860,0,
276624,176148,2,1,144,1,
274608,175212,2,1,2016,1,
273024,174636,2,1,1296,1,
272736,171684,2,1,180,1,
265104,170460,2,1,5436,1,
265104,169548,3,1,-94644,0,
261936,112572,2,1,1584,1,
261648,118152,2,1,288,1,
258912,133740,2,1,2736,1,
261648,131436,3,1,-127908,0,
258192,166752,2,1,3312,1,
257256,134028,4,1,1656,1,
258192,165516,3,1,-91764,0,
257256,165516,4,1,936,1,
255888,133596,2,1,576,1,
251280,133596,3,1,-116100,0,
239760,53820,2,1,1188,1,
239760,52044,3,1,-185940,0,
232272,52044,4,1,7488,1,
238752,135180,3,1,-101628,0,
232272,87156,2,1,2016,1,
230112,86220,2,1,2160,1,
232272,54156,3,1,-177660,0,
229608,54156,4,1,2664,1,
230256,125100,3,1,-98064,0,
229536,73932,4,1,72,1,
229536,76644,3,1,-151956,0,
228384,86220,2,1,468,1,
226800,91212,4,1,1584,1,
226656,111372,4,1,144,1,
226584,115404,4,1,72,1,
225936,90540,2,1,540,1,
212868,115524,2,1,396,1,
199728,54156,3,1,-142380,0,
199584,57348,2,1,144,1,
197136,74484,2,1,1044,1,
197136,57348,3,1,-123444,0,
193824,73692,3,1,-118548,0,
316656,81612,3,1,-225252,0,
316656,73692,3,1,-235044,0,
316656,56460,3,1,-242964,0,
316224,73692,2,1,432,1,
315504,108252,2,1,3744,1,
315504,91404,3,1,-207252,0,
315360,81612,2,1,1296,1,
311616,115980,4,1,3888,1,
311616,115668,3,1,-195636,0,
311328,155772,3,1,-155196,0,
311328,154404,2,1,468,1,
311328,153468,3,1,-156924,0,
307440,155340,3,1,-151668,0,
307260,155340,2,1,180,1,
306000,153180,3,1,-150660,0,
304020,153180,2,1,1980,1,
303984,153180,3,1,-150192,0,
303120,91404,4,1,12384,1,
303120,89748,3,1,-211716,0,
302832,89748,2,1,288,1,
298656,153792,3,1,-144252,0,
297648,154404,3,1,-135396,0,
297360,56460,4,1,19296,1,
297360,55836,3,1,-240900,0,
297216,55836,2,1,144,1,
296676,154404,2,1,972,1,
293040,162252,3,1,-124308,0,
288144,168732,2,1,4896,1,
286848,168732,3,1,-116148,0,
285264,56460,4,1,12096,1,
284400,61812,2,1,864,1,
284400,61668,3,1,-222588,0,
283824,170700,3,1,-110052,0,
283824,170460,3,1,-113124,0,
283500,173844,2,1,324,1,
283500,170460,2,1,324,1,
281088,115980,3,1,-164772,0,
281088,61668,2,1,144,1,
280944,116316,2,1,144,1,
280224,175212,3,1,-103284,0,
279072,173844,2,1,108,1,
279072,173772,3,1,-105228,0,
277452,64620,2,1,3636,1,
276624,176148,3,1,-99828,0,
276624,175212,3,1,-100476,0,
274608,174636,3,1,-99396,0,
274320,174636,2,1,288,1,
273024,171684,3,1,-98388,0,
272916,171684,2,1,108,1,
272736,170460,3,1,-101052,0,
270540,170460,2,1,2196,1,
261936,116460,3,1,-143784,0,
261936,116172,3,1,-145476,0,
261936,112572,3,1,-145764,0,
261900,116460,2,1,36,1,
261648,131436,2,1,1440,1,
261648,118152,3,1,-130212,0,
261504,169548,4,1,3600,1,
261504,166752,3,1,-91956,0,
258912,133740,3,1,-124884,0,
258192,166428,3,1,-91440,0,
258048,166428,2,1,144,1,
257256,134028,5,1,-91740,0,
256464,134028,4,1,792,1,
256464,133596,3,1,-122436,0,
251280,133596,2,1,4608,1,
238752,135180,4,1,12528,1,
238752,134964,3,1,-103572,0,
237276,137124,2,1,1476,1,
233568,134964,2,1,5184,1,
233568,134676,3,1,-98604,0,
233568,132192,3,1,-98892,0,
233424,134676,2,1,144,1,
232272,86220,3,1,-145116,0,
232272,52044,3,1,-178116,0,
231984,54612,2,1,288,1,
230256,132192,2,1,3312,1,
230256,125100,2,1,108,1,
230256,120972,3,1,-105156,0,
230112,84108,3,1,-143892,0,
229608,84108,4,1,504,1,
229608,77580,5,1,-145500,0,
229608,54156,5,1,-155676,0,
229536,77580,4,1,72,1,
229536,76644,2,1,2340,1,
229536,73932,3,1,-152892,0,
228852,86220,2,1,1260,1,
228384,86220,3,1,-137172,0,
226800,91212,5,1,-115428,0,
226656,112428,3,1,-111252,0,
226656,111372,3,1,-114228,0,
226584,120972,4,1,3672,1,
226584,115632,5,1,-105612,0,
226584,115404,5,1,-110952,0,
226512,112428,2,1,144,1,
225936,91212,4,1,864,1,
225936,90540,3,1,-134724,0,
225720,115632,6,1,864,1,
225720,115596,5,1,-110088,0,
213264,115596,4,1,12456,1,
213264,115524,3,1,-97668,0,
210960,115524,2,1,1908,1,
210960,109980,3,1,-95436,0,
208332,109980,2,1,2628,1,
199728,54156,4,1,29880,1,
197136,73692,3,1,-122652,0,
197136,57348,2,1,2448,1,
193824,73692,2,1,3312,1,
193104,73692,2,1,720,1,
